5 0.5015625 0.3828125 0.1125 0.140625
5 0.4046875 0.3984375 0.1015625 0.1359375
5 0.3109375 0.4453125 0.075 0.1328125
5 0.5984375 0.290625 0.0703125 0.0875
5 0.5203125 0.459375 0.103125 0.0953125
5 0.571875 0.36875 0.1 0.1609375
5 0.05078125 0.3828125 0.1015625 0.140625
5 0.94453125 0.3828125 0.1109375 0.140625
5 0.1421875 0.3984375 0.1015625 0.1359375
5 0.2359375 0.4453125 0.075 0.1328125
5 0.8484375 0.290625 0.0703125 0.0875
5 0.0390625 0.45859375 0.078125 0.0953125
5 0.9265625 0.459375 0.103125 0.0953125
5 0.0125 0.36796875 0.025 0.1609375
5 0.875 0.36875 0.1 0.1609375