5 0.4515625 0.3671875 0.0953125 0.09375
5 0.653125 0.1296875 0.1390625 0.1671875
5 0.484375 0.090625 0.153125 0.18125
4 0.66875 0.5171875 0.10625 0.1328125
5 0.546875 0.540625 0.0875 0.078125
5 0.61875 0.5859375 0.1203125 0.1
5 0.0953125 0.3671875 0.0953125 0.09375
5 0.9734375 0.3671875 0.053125 0.09375
5 0.79375 0.1296875 0.1390625 0.1671875
5 0.06953125 0.090625 0.1390625 0.18125
5 0.94296875 0.090625 0.1140625 0.18125
4 0.778125 0.5171875 0.10625 0.1328125
5 0.021875 0.540625 0.04375 0.078125
5 0.9 0.540625 0.0875 0.078125
5 0.828125 0.5859375 0.1203125 0.1