4 0.49375 0.2296875 0.1796875 0.2296875
4 0.4515625 0.40625 0.171875 0.1953125
4 0.5140625 0.475 0.1265625 0.16875
5 0.61875 0.38125 0.0859375 0.0953125
5 0.684375 0.5046875 0.0765625 0.0859375
4 0.07109375 0.22890625 0.1421875 0.2296875
4 0.93125 0.22890625 0.1375 0.2296875
4 0.0953125 0.40625 0.171875 0.1953125
4 0.9546875 0.40546875 0.090625 0.1953125
4 0.04765625 0.475 0.0953125 0.16875
4 0.9328125 0.475 0.1265625 0.16875
5 0.828125 0.38125 0.0859375 0.0953125
5 0.7625 0.5046875 0.0765625 0.0859375