5 0.475 0.34375 0.128125 0.140625
5 0.484375 0.0875 0.20625 0.175
5 0.6328125 0.2203125 0.1796875 0.225
5 0.39375 0.2359375 0.1671875 0.20625
5 0.6828125 0.3609375 0.08125 0.184375
5 0.30625 0.3328125 0.0671875 0.16875
5 0.071875 0.34375 0.128125 0.140625
5 0.95390625 0.34375 0.0921875 0.140625
5 0.0828125 0.0875 0.165625 0.175
5 0.9296875 0.0875 0.140625 0.175
5 0.8140625 0.2203125 0.1796875 0.225
5 0.153125 0.2359375 0.1671875 0.20625
5 0.7640625 0.3609375 0.08125 0.184375
5 0.240625 0.3328125 0.0671875 0.16875