5 0.5234375 0.4578125 0.140625 0.15625
5 0.678125 0.4703125 0.0890625 0.1078125
5 0.4578125 0.903125 0.1171875 0.1734375
5 0.6546875 0.81875 0.1203125 0.1578125
5 0.54375 0.815625 0.109375 0.13125
5 0.046875 0.4578125 0.09375 0.15625
5 0.9234375 0.4578125 0.140625 0.15625
5 0.76875 0.4703125 0.0890625 0.1078125
5 0.0890625 0.903125 0.1171875 0.1734375
5 0.96484375 0.90234375 0.0703125 0.1734375
5 0.7921875 0.81875 0.1203125 0.1578125
5 0.02890625 0.815625 0.0578125 0.13125
5 0.903125 0.815625 0.109375 0.13125